

TSL - Teoria Secular Linear
---------------------------
 O objetivo deste programa é aplicar a Teoria Secular Linear a
     um exemplo extraído de 'Carpino Teoria lineare delle perturbazioni secolari'
     (o texto está em italiano). O arquivo pode ser obtido no endereço:
     http://www.brera.mi.astro.it/~carpino/didattica/lagrange.pdf.


Dados de entrada
----------------
   Planeta         m          a         e       inc       capom       omega  \
0  Jupiter  0.000955   5.202582  0.048233  1.304860  100.398551  273.736840   
1  Saturno  0.000286   9.545543  0.053913  2.486150  113.863936  340.180810   
2    Urano  0.000044  19.194230  0.051343  0.773096   74.102824   97.873259   
3   Netuno  0.000051  30.070971  0.004775  1.772198  131.513377  281.633209   

          n       varpi  
0  0.083091   14.135391  
1  0.033555   94.044746  
2  0.011643  171.976083  
3  0.005944   53.146586  


Observação: Unidades
--------------------
    [m]: unidade de massa solar
    [a]: AU
  [inc]: deg
[capom]: deg
[omega]: deg
    [n]: rad/day
[varpi]: deg


Observação: Data
----------------
Os ângulos foram tomados na data 28 de Julho de 1969,
no site do JPL da NASA, para ficar de acordo com
o texto de Carpino, na Tabela III, página 27.


Função alfa (página 25)
-----------------------
[[ 0.          0.54502735  0.27104927  0.17301011]
 [ 0.54502735  0.          0.49731315  0.31743381]
 [ 0.27104927  0.49731315  0.          0.63829765]
 [ 0.17301011  0.31743381  0.63829765  0.        ]]


Coeficientes de Laplace para k = 1 (página 25)
----------------------------------------------
[[ 0.          3.18107829  0.93843408  0.54948353]
 [ 3.18107829  0.          2.54933512  1.16265348]
 [ 0.93843408  2.54933512  0.          5.15917975]
 [ 0.54948353  1.16265348  5.15917975  0.        ]]


Coeficientes de Laplace para k = 2 (página 26)
----------------------------------------------
[[ 0.          2.07823728  0.31496336  0.11838393]
 [ 2.07823728  0.          1.53156676  0.45533047]
 [ 0.31496336  1.53156676  0.          3.8745933 ]
 [ 0.11838393  0.45533047  3.8745933   0.        ]]


Resultado da matriz A em arcsec/yr
----------------------------------
Matriz A
[[  7.47738832e+00  -4.81639794e+00  -2.75260602e-02  -4.97643243e-03]
 [ -1.18793998e+01   1.85514550e+01  -1.81366038e-01  -2.59351098e-02]
 [ -3.14041370e-01  -8.38931765e-01   2.74886599e+00  -3.12986162e-01]
 [ -3.84216466e-02  -8.11846302e-02  -2.11806942e-01   6.67664257e-01]]

 Autovalores de A
[ 22.39337455   3.7103271    2.70701376   0.63465811]

 Autovetores de A
[[ 0.30702256 -0.61130759 -0.06939559  0.00637542]
 [-0.95103005 -0.4816858  -0.06318553  0.00717807]
 [ 0.03566381  0.62749325 -0.98985957  0.15014957]
 [ 0.00266315 -0.02310953  0.10662965  0.98861668]]

 Matriz A simétrica, conforme Carpino, página 26
[[  7.47738832e+00  -7.56412035e+00  -9.29748441e-02  -1.38276075e-02]
 [ -7.56412035e+00   1.85514550e+01  -3.90068879e-01  -4.58860796e-02]
 [ -9.29748441e-02  -3.90068879e-01   2.74886599e+00  -2.57473575e-01]
 [ -1.38276075e-02  -4.58860796e-02  -2.57473575e-01   6.67664257e-01]]

 Autovalores de A simetrica
[ 22.39337455   3.7103271    2.70701376   0.63465811]

 Autovetores de A simetrica
[[ 0.45214967 -0.86249542 -0.22659729  0.01777633]
 [-0.89180541 -0.43273776 -0.13137248  0.01274398]
 [ 0.01554957  0.26211065 -0.95691867  0.12394707]
 [ 0.00141149 -0.01173435  0.125306    0.99204774]]


Resultado da matriz B em arcsec/yr
----------------------------------
Matriz B
[[ -5.63333130e+08   7.37227605e+00   8.20139627e-02   2.30983015e-02]
 [  1.81833428e+01  -1.39763360e+09   3.01888775e-01   6.62234307e-02]
 [  9.35687020e-01   1.39642507e+00  -2.07094672e+08   4.16753900e-01]
 [  1.78335542e-01   2.07299092e-01   2.82029622e-01  -5.03006370e+07]]

 Autovalores de B
[ -5.63333130e+08  -1.39763360e+09  -2.07094672e+08  -5.03006370e+07]

 Autovetores de B
[[ -1.00000000e+00  -8.83647592e-09  -2.30222096e-10   4.50230783e-11]
 [ -2.17947170e-08   1.00000000e+00  -2.53573212e-10   4.91514991e-11]
 [  2.62657506e-09  -1.17293522e-09  -1.00000000e+00   2.65797030e-09]
 [  3.47610626e-10  -1.53858840e-10   1.79872666e-09   1.00000000e+00]]

 Matriz B simétrica, conforme Carpino, página 27
[[ -7.47738832  11.57810962   0.27701877   0.06418137]
 [ 11.57810962 -18.55145496   0.64928041   0.11716679]
 [  0.27701877   0.64928041  -2.74886599   0.34283662]
 [  0.06418137   0.11716679   0.34283662  -0.66766426]]

 Autovalores de B simetrica
[ -2.58555357e+01  -2.91077800e+00  -2.21215036e-15  -6.79059787e-01]

 Autovetores de B simetrica
[[-0.53275876  0.17828837  0.78504113 -0.26094401]
 [ 0.84608599  0.09275679  0.49986916 -0.16020453]
 [-0.01735256 -0.96978826  0.23241867  0.07204987]
 [-0.00234204  0.1382757   0.28252929  0.94923735]]


Matriz G
--------


Matriz S
--------


Variáveis regulares
-------------------
   Planeta         h         k         p         q
0  Jupiter  0.011779  0.046773  0.022398 -0.004110
1  Saturno  0.053778 -0.003803  0.039669 -0.017549
2    Urano  0.007167 -0.050840  0.012977  0.003696
3   Netuno  0.003821  0.002864  0.023157 -0.020497
