TSL - Teoria Secular Linear
--------------------------- 

 O objetivo deste programa é aplicar a Teoria Secular Linear a
     um exemplo extraído de 'Carpino Teoria lineare delle perturbazioni secolari'
     (o texto está em italiano). O arquivo pode ser obtido neste site:
     http://www.brera.mi.astro.it/~carpino/didattica/lagrange.pdf.

Dados de entrada
----------------- 

   Planeta         m          a         e       inc       capom       omega  \
0  Jupiter  0.000955   5.202582  0.048233  1.304860  100.398551  273.736840   
1  Saturno  0.000286   9.545543  0.053913  2.486150  113.863936  340.180810   
2    Urano  0.000044  19.194230  0.051343  0.773096   74.102824   97.873259   
3   Netuno  0.000051  30.070971  0.004775  1.772198  131.513377  281.633209   

          n       varpi  
0  0.083091   14.135391  
1  0.033555   94.044746  
2  0.011643  171.976083  
3  0.005944   53.146586  

Observação: Unidades
--------------------- 

    [m]: unidade de massa solar
    [a]: AU
  [inc]: deg
[capom]: deg
[omega]: deg
    [n]: rad/day
[varpi]: deg

Observação: Data
----------------- 

Os ângulos foram tomados na data 28 de Julho de 1969,
no site do JPL da NASA, para ficar de acordo com
o texto de Carpino, na Tabela III, página 27.

Função alfa (página 25)
------------------------ 

[[ 0.          0.54502735  0.27104927  0.17301011]
 [ 0.54502735  0.          0.49731315  0.31743381]
 [ 0.27104927  0.49731315  0.          0.63829765]
 [ 0.17301011  0.31743381  0.63829765  0.        ]]

Coficientes de Laplace para k = 1 (página 25)
---------------------------------------------- 

[[ 0.          3.18107829  0.93843408  0.54948353]
 [ 3.18107829  0.          2.54933512  1.16265348]
 [ 0.93843408  2.54933512  0.          5.15917975]
 [ 0.54948353  1.16265348  5.15917975  0.        ]]

Coficientes de Laplace para k = 2 (página 26)
---------------------------------------------- 

[[ 0.          2.07823728  0.31496336  0.11838393]
 [ 2.07823728  0.          1.53156676  0.45533047]
 [ 0.31496336  1.53156676  0.          3.8745933 ]
 [ 0.11838393  0.45533047  3.8745933   0.        ]]

Resultado da matriz A em arcsec/yr
----------------------------------- 

Matriz A
[[  7.47741065e+00  -4.81641233e+00  -2.75261424e-02  -4.97644729e-03]
 [ -1.18794353e+01   1.85515104e+01  -1.81366581e-01  -2.59351874e-02]
 [ -3.14042309e-01  -8.38934273e-01   2.74887421e+00  -3.12987098e-01]
 [ -3.84217614e-02  -8.11848729e-02  -2.11807575e-01   6.67666253e-01]]

 Matriz A simétrica, conforme Carpino, página 26
[[  7.47741065e+00  -7.56414296e+00  -9.29751220e-02  -1.38276488e-02]
 [ -7.56414296e+00   1.85515104e+01  -3.90070046e-01  -4.58862168e-02]
 [ -9.29751220e-02  -3.90070046e-01   2.74887421e+00  -2.57474345e-01]
 [ -1.38276488e-02  -4.58862168e-02  -2.57474345e-01   6.67666253e-01]]

 Autovalores de A simétrica
[ 22.39344147   3.71033819   2.70702185   0.63466001]

 Autovetores de A simétrica
[[-0.45214967  0.86249542 -0.22659729  0.01777633]
 [ 0.89180541  0.43273776 -0.13137248  0.01274398]
 [-0.01554957 -0.26211065 -0.95691867  0.12394707]
 [-0.00141149  0.01173435  0.125306    0.99204774]]

Resultado da matriz B em arcsec/yr
----------------------------------- 

Matriz B
[[ -5.63334812e+08   4.81641233e+00   2.75261424e-02   4.97644729e-03]
 [  1.18794353e+01  -1.39763778e+09   1.81366581e-01   2.59351874e-02]
 [  3.14042309e-01   8.38934273e-01  -2.07095291e+08   3.12987098e-01]
 [  3.84217614e-02   8.11848729e-02   2.11807575e-01  -5.03007874e+07]]

 Matriz B simétrica, conforme Carpino, página 26
[[ -7.47741065e+00   7.56414296e+00   9.29751220e-02   1.38276488e-02]
 [  7.56414296e+00  -1.85515104e+01   3.90070046e-01   4.58862168e-02]
 [  9.29751220e-02   3.90070046e-01  -2.74887421e+00   2.57474345e-01]
 [  1.38276488e-02   4.58862168e-02   2.57474345e-01  -6.67666253e-01]]

 Autovalores de B simétrica
[-22.39344147  -3.71033819  -2.70702185  -0.63466001]

 Autovetores de B simétrica
[[ 0.45214967 -0.86249542 -0.22659729  0.01777633]
 [-0.89180541 -0.43273776 -0.13137248  0.01274398]
 [ 0.01554957  0.26211065 -0.95691867  0.12394707]
 [ 0.00141149 -0.01173435  0.125306    0.99204774]]

Variáveis regulares
-------------------- 

   Planeta         h         k         p         q
0  Jupiter  0.011779  0.046773  0.022398 -0.004110
1  Saturno  0.053778 -0.003803  0.039669 -0.017549
2    Urano  0.007167 -0.050840  0.012977  0.003696
3   Netuno  0.003821  0.002864  0.023157 -0.020497
